1 1660
2 2621
3 7274
4 1799
5 4838
6 2616
7 1827
8 359
9 1799
10 1476
11 1356
12 508
13 605
14 805
15 1025
16 791
17 361
18 552
19 506
20 443
21 863
22 315
23 452
24 315
25 240
26 294
27 445
28 303
29 307
30 182
31 491
32 176
33 527
34 255
35 266
36 338
37 153
38 153
39 212
40 117
41 107
42 181
43 202
44 165
45 170
46 168
47 148
48 154
49 109
50 93
51 111
52 120
53 91
54 114
55 186
56 100
57 117
58 56
59 98
60 71
61 104
62 86
63 58
64 102
65 128
66 104
67 93
68 58
69 54
70 51
71 87
72 77
73 157
74 67
75 55
76 68
77 56
78 94
79 25
80 64
81 62
82 106
83 46
84 28
85 40
86 36
87 36
88 63
89 39
90 40
91 48
92 18
93 22
94 52
95 25
96 40
97 36
98 41
99 17
100 58
101 49
102 33
103 26
104 41
105 59
106 26
107 24
108 11
109 22
110 26
111 48
112 31
113 53
114 31
115 40
116 45
117 30
118 42
119 10
120 7
121 117
122 19
123 31
124 31
125 34
126 5
127 13
128 32
129 35
130 21
131 47
132 27
133 32
134 29
135 46
136 35
137 19
138 33
139 18
140 34
141 12
142 3
143 11
144 15
145 30
146 22
147 46
148 24
149 4
150 23
151 29
152 53
153 19
154 34
155 5
156 47
157 38
158 42
159 25
160 10
161 47
162 10
163 12
164 26
165 25
166 19
167 14
168 5
169 9
170 18
171 43
172 20
173 6
174 34
175 12
176 12
177 9
178 5
179 19
180 6
181 9
182 14
183 24
184 2
185 17
186 7
187 20
188 19
189 2
190 4
191 26
192 3
193 4
194 3
195 20
196 19
197 19
198 10
199 3
200 4
201 18
202 10
203 20
204 8
205 10
206 10
207 7
208 6
209 5
210 28
211 23
212 17
213 13
214 18
215 17
217 8
218 11
219 8
220 24
222 8
223 1
224 2
225 7
226 9
227 5
228 5
229 12
230 25
231 16
232 2
233 7
234 16
235 9
236 7
237 5
238 19
239 6
240 20
241 16
242 6
243 16
244 6
245 10
246 3
247 4
248 4
250 10
251 11
252 11
253 4
254 3
255 5
256 11
258 3
259 4
260 3
261 8
262 1
263 2
265 7
266 10
267 11
268 12
269 2
270 2
271 3
272 1
273 2
274 16
275 1
276 11
278 8
279 7
281 1
282 10
284 2
285 1
286 13
288 5
289 1
290 1
291 3
292 7
293 12
295 1
296 4
297 11
298 11
299 22
300 2
302 6
304 15
305 8
306 2
307 26
308 1
309 10
310 10
311 8
312 8
313 6
314 8
315 9
316 1
318 17
319 6
320 3
321 3
322 11
323 2
325 1
326 15
327 1
328 1
330 1
331 1
332 2
333 2
334 9
335 9
336 10
337 1
338 1
340 1
341 13
343 11
344 3
345 1
346 12
347 7
351 3
353 4
354 1
355 3
356 8
357 17
358 5
359 3
361 2
362 1
363 19
364 7
365 1
367 6
368 3
369 3
370 1
371 9
373 2
375 1
376 7
377 1
378 4
379 3
380 16
381 20
382 3
384 5
385 2
386 3
388 8
389 1
391 3
393 8
394 1
396 4
398 11
399 5
402 1
403 1
404 1
406 9
407 5
408 1
409 17
411 8
415 6
416 11
418 10
419 11
420 8
421 6
422 8
423 15
424 7
426 4
427 8
429 1
430 7
432 9
433 1
434 6
439 7
441 7
442 1
445 2
446 3
447 8
449 1
450 8
453 7
455 1
457 3
459 1
460 2
463 1
464 1
465 5
466 2
468 3
469 8
474 3
475 8
483 2
484 3
486 1
487 9
488 2
490 8
494 1
503 16
507 5
510 2
511 8
512 2
513 11
517 3
520 9
522 1
525 3
526 10
527 2
528 4
530 1
531 7
533 3
534 1
535 1
536 3
538 10
541 11
555 1
558 4
560 2
563 1
564 1
570 3
573 1
577 4
579 23
581 3
582 5
583 3
586 1
588 1
590 6
594 1
596 10
597 3
601 1
602 7
604 1
610 1
612 1
617 2
621 2
622 7
630 2
636 8
643 1
645 4
651 4
657 9
661 1
664 1
665 1
666 1
667 1
678 8
687 3
694 3
699 3
701 1
703 1
704 10
710 3
711 2
713 3
729 1
731 7
736 2
743 1
744 2
746 1
748 1
757 4
765 6
769 1
770 6
771 1
779 2
789 3
790 2
798 3
799 1
802 4
806 1
807 2
811 3
817 1
820 1
821 1
823 1
828 3
831 1
838 1
841 1
842 6
843 2
845 8
853 1
861 1
864 1
881 3
884 3
890 1
893 1
905 2
907 1
923 1
926 1
933 8
935 1
949 1
954 3
963 1
968 2
969 6
974 3
978 1
982 7
984 8
985 1
988 2
993 2
996 8
1014 4
1026 8
1027 2
1035 1
1037 3
1043 2
1047 8
1074 3
1075 1
1076 6
1079 1
1083 1
1100 1
1109 8
1117 1
1148 2
1155 2
1174 9
1176 1
1177 8
1184 2
1191 2
1197 9
1198 1
1202 1
1210 1
1215 24
1216 1
1228 3
1233 1
1246 2
1268 1
1279 8
1281 3
1292 2
1295 1
1296 1
1299 9
1326 1
1331 6
1332 1
1346 1
1366 3
1393 1
1407 1
1413 7
1429 1
1437 3
1439 6
1441 3
1443 14
1471 1
1473 8
1486 5
1487 8
1496 8
1500 2
1529 1
1671 9
1674 3
1697 3
1759 3
1760 1
1771 7
1795 1
1844 1
1896 1
1937 3
1947 7
2008 8
2176 3
2310 1
2422 1
2445 1
2451 1
2503 2
2614 8
2628 1
2736 2
2812 2
2826 2
2932 3
2934 1
3013 1
3014 1
3085 3
3328 2
3423 1
3517 1
3574 7
3802 2
3930 1
4042 7
4136 1
4137 8
4257 3
4291 1
4303 1
4624 7
4643 1
4839 1
4865 8
4890 1
